8993 14 0
8984 20 3
8970 30 7
8955 42 10
8929 61 17
8892 87 28
8840 123 44
8767 174 66
8664 245 98
8521 343 143
8327 474 206
8067 646 294
7728 864 415
7300 1129 578
6781 1432 794
6183 1754 1070
5529 2069 1409
4856 2344 1807
4200 2552 2255
3594 2676 2737
2975 2713 3319
2531 2672 3804
2162 2569 4276
1861 2420 4726
1618 2243 5146
1422 2052 5533
1265 1858 5884
1138 1667 6202
1036 1486 6485
952 1318 6737
884 1163 6960
828 1023 7156
782 896 7329
743 784 7480
711 684 7612
684 596 7727
662 518 7827
643 450 7914
627 391 7989
613 339 8055
602 294 8111
592 254 8161
584 220 8203
577 190 8240
571 164 8274
565 142 8300
